# bert是3层的，768维，笔记本cpu跑得太慢，最后一遍跑了13小时，勉强交了
"""
====================================================================================================
所有模型超参数网格搜索结果汇总表
====================================================================================================
          Model  Learning_Rate  Hidden_Size  batch_size pooling_style    acc  time(预测100条耗时)
stack_gated_cnn         0.0010          128          64           avg 0.8400           21.94
stack_gated_cnn         0.0010          128          64           max 0.8375           23.94
stack_gated_cnn         0.0010          128         128           avg 0.8158           25.01
stack_gated_cnn         0.0010          128         128           max 0.8400           26.26
stack_gated_cnn         0.0001          128          64           avg 0.8433           22.84
stack_gated_cnn         0.0001          128          64           max 0.8483           27.93
stack_gated_cnn         0.0001          128         128           avg 0.8225           24.98
stack_gated_cnn         0.0001          128         128           max 0.8492           27.89
           bert         0.0010          768          64           avg 0.5000         1320.29
           bert         0.0010          768          64           max 0.5000         1291.20
           bert         0.0010          768         128           avg 0.5433         1216.02
           bert         0.0010          768         128           max 0.7608         1223.96
           bert         0.0001          768          64           avg 0.8525         1306.71
           bert         0.0001          768          64           max 0.8525         1663.58
           bert         0.0001          768         128           avg 0.8733         1396.63
           bert         0.0001          768         128           max 0.8700         1271.02
           lstm         0.0010          128          64           avg 0.8275           19.95
           lstm         0.0010          128          64           max 0.8408           29.92
           lstm         0.0010          128         128           avg 0.8408           21.94
           lstm         0.0010          128         128           max 0.8417           18.95
           lstm         0.0001          128          64           avg 0.8433           21.94
           lstm         0.0001          128          64           max 0.8550           19.95
           lstm         0.0001          128         128           avg 0.8492           21.94
           lstm         0.0001          128         128           max 0.8500           19.95

====================================================================================================
按准确率排序
====================================================================================================
          Model  Learning_Rate  Hidden_Size  batch_size pooling_style    acc  time(预测100条耗时)
           bert         0.0001          768         128           avg 0.8733         1396.63
           bert         0.0001          768         128           max 0.8700         1271.02
           lstm         0.0001          128          64           max 0.8550           19.95
           bert         0.0001          768          64           avg 0.8525         1306.71
           bert         0.0001          768          64           max 0.8525         1663.58
           lstm         0.0001          128         128           max 0.8500           19.95
stack_gated_cnn         0.0001          128         128           max 0.8492           27.89
           lstm         0.0001          128         128           avg 0.8492           21.94
stack_gated_cnn         0.0001          128          64           max 0.8483           27.93
           lstm         0.0001          128          64           avg 0.8433           21.94
stack_gated_cnn         0.0001          128          64           avg 0.8433           22.84
           lstm         0.0010          128         128           max 0.8417           18.95
           lstm         0.0010          128         128           avg 0.8408           21.94
           lstm         0.0010          128          64           max 0.8408           29.92
stack_gated_cnn         0.0010          128         128           max 0.8400           26.26
stack_gated_cnn         0.0010          128          64           avg 0.8400           21.94
stack_gated_cnn         0.0010          128          64           max 0.8375           23.94
           lstm         0.0010          128          64           avg 0.8275           19.95
stack_gated_cnn         0.0001          128         128           avg 0.8225           24.98
stack_gated_cnn         0.0010          128         128           avg 0.8158           25.01
           bert         0.0010          768         128           max 0.7608         1223.96
           bert         0.0010          768         128           avg 0.5433         1216.02
           bert         0.0010          768          64           max 0.5000         1291.20
           bert         0.0010          768          64           avg 0.5000         1320.29

====================================================================================================
按推理速度排序（升序）
====================================================================================================
          Model  Learning_Rate  Hidden_Size  batch_size pooling_style    acc  time(预测100条耗时)
           lstm         0.0010          128         128           max 0.8417           18.95
           lstm         0.0001          128         128           max 0.8500           19.95
           lstm         0.0001          128          64           max 0.8550           19.95
           lstm         0.0010          128          64           avg 0.8275           19.95
           lstm         0.0001          128          64           avg 0.8433           21.94
           lstm         0.0010          128         128           avg 0.8408           21.94
           lstm         0.0001          128         128           avg 0.8492           21.94
stack_gated_cnn         0.0010          128          64           avg 0.8400           21.94
stack_gated_cnn         0.0001          128          64           avg 0.8433           22.84
stack_gated_cnn         0.0010          128          64           max 0.8375           23.94
stack_gated_cnn         0.0001          128         128           avg 0.8225           24.98
stack_gated_cnn         0.0010          128         128           avg 0.8158           25.01
stack_gated_cnn         0.0010          128         128           max 0.8400           26.26
stack_gated_cnn         0.0001          128         128           max 0.8492           27.89
stack_gated_cnn         0.0001          128          64           max 0.8483           27.93
           lstm         0.0010          128          64           max 0.8408           29.92
           bert         0.0010          768         128           avg 0.5433         1216.02
           bert         0.0010          768         128           max 0.7608         1223.96
           bert         0.0001          768         128           max 0.8700         1271.02
           bert         0.0010          768          64           max 0.5000         1291.20
           bert         0.0001          768          64           avg 0.8525         1306.71
           bert         0.0010          768          64           avg 0.5000         1320.29
           bert         0.0001          768         128           avg 0.8733         1396.63
           bert         0.0001          768          64           max 0.8525         1663.58
"""
